EntryTime=1760451686.7197027 script_key=all_extractors
EntryTime=1760503191.0185137 script_key=all_extractors
